19
16
6111661111111111111
1101111000000010001
1000000000000000001
1000001000000010001
1000001000000010001
1110001000000010001
1000001000000010001
1000011111101110001
1101001000000010001
1001101000000011001
1000101000000000101
1000101000000000101
1111101000000010101
6666101111111110101
6666100000000000101
6666111111111111111
1
2
32
11
3
2
2
3
2
7
2
8
2
11
2
13
2
3
3
4
3
5
3
2
4
8
4
9
4
11
4
12
4
9
5
8
6
10
6
12
6
9
8
11
8
8
9
9
9
11
9
13
9
9
10
8
11
9
11
10
11
12
11
13
11
14
11
2
10
3
10
2
11
3
11
15
2
16
2
17
2
15
3
16
3
17
3
15
4
16
4
17
4
15
5
16
5
17
5
15
6
16
6
17
6
15
7
16
7
17
7
15
8
16
8
17
8
16
9
17
9
17
10
17
11
17
12
17
13
17
14