19
14
6666666666611111111
6666666666610000001
1111111111110000001
1000010000000000001
1000010000010000001
1000000000010000001
1000010000011111111
1000010000016666666
1101111111116666666
1000010000166666666
1000000000116666666
1000010000016666666
1000010000116666666
1111111111166666666
11
10
20
8
3
10
3
2
4
3
4
4
4
6
4
9
4
9
5
3
5
2
6
3
6
6
6
8
6
10
6
3
7
3
11
4
11
6
11
7
11
6
10
14
1
15
1
16
1
17
1
14
2
15
2
16
2
17
2
14
3
15
3
16
3
17
5
14
4
15
4
16
4
17
4
14
5
15
5
16
5
17
3