19
16
6666111111111166666
1111100000000111166
1000001000000100166
1011111110111100111
1010000110100100001
1010000000100100101
1010000100000100001
1010011101100000101
1011100100100100001
1010000100111100101
1010000000000100001
1000000100000100101
1111001110000100001
6661000000011100001
6661000000116111111
6661111111166666666
2
14
18
10
2
9
3
14
4
4
5
4
6
14
6
14
8
3
10
7
10
10
10
14
10
5
11
9
11
11
11
5
12
14
12
8
13
9
13
16
4
17
4
17
5
16
6
17
6
17
7
16
8
17
8
17
9
16
10
17
10
17
11
16
12
17
12
14
13
15
13
16
13
17
13