17
15
66666666611111666
66666111110001666
66661100000001111
11111000000001101
10000000000011001
10011111101110001
11010010000100001
10000010000100001
10010011011110001
11110000000011001
66611000000000001
66661000000010001
66661000000001111
66661111110001666
66666666611111666
9
7
19
7
2
6
3
11
2
11
3
10
3
8
4
9
7
4
8
6
9
9
9
7
10
8
10
9
10
6
11
7
11
10
11
8
12
10
12
12
10
15
3
15
4
14
4
14
5
13
5
12
6
13
6
14
6
14
7
13
7
12
7
13
8
14
8
15
8
15
9
14
9
13
10
14
10
15
10



15
11


3
7