16
16
6611116666666666
6610011111111111
6610000000000001
6610010001000001
6610000000100001
1110010100111101
1010000000110001
1000000101000101
1000000000000001
1111100111111111
6610000001666666
6610000001666666
6610000001666666
6610000001666666
6610000001666666
6611111111666666
6
1
18
7
2
11
2
13
2
4
3
7
3
12
3
5
4
7
4
4
5
3
6
5
6
7
6
5
7
8
7
4
8
9
8
11
8
13
8
3
12
4
12
5
12
6
12
7
12
8
12
3
13
4
13
5
13
6
13
7
13
8
13
3
14
4
14
5
14
6
14
7
14
8
14